District_code,State_name,District_name,Population,Male,Female,Literate,Male_Literate,Female_Literate
1,JAMMU AND KASHMIR,Kupwara,870354,474190,396164,439654,282823,156831
2,JAMMU AND KASHMIR,Badgam,753745,398041,355704,335649,207741,127908
3,JAMMU AND KASHMIR,Leh(Ladakh),133487,78971,54516,93770,62834,30936
4,JAMMU AND KASHMIR,Kargil,140802,77785,63017,86236,56301,29935
5,JAMMU AND KASHMIR,Punch,476835,251899,224936,261724,163333,98391
6,JAMMU AND KASHMIR,Rajouri,642415,345351,297064,364109,224469,139640
7,JAMMU AND KASHMIR,Kathua,616435,326109,290326,389204,228499,160705
8,JAMMU AND KASHMIR,Baramula,1008039,534733,473306,545149,337170,207979
9,JAMMU AND KASHMIR,Bandipore,392232,207680,184552,185979,117058,68921
10,JAMMU AND KASHMIR,Srinagar,1236829,651124,585705,748584,431746,316838
11,JAMMU AND KASHMIR,Ganderbal,297446,158720,138726,143276,90581,52695
12,JAMMU AND KASHMIR,Pulwama,560440,293064,267376,293958,178326,115632
13,JAMMU AND KASHMIR,Shupiyan,266215,136480,129735,136500,80355,56145
14,JAMMU AND KASHMIR,Anantnag,1078692,559767,518925,545532,324417,221115
15,JAMMU AND KASHMIR,Kulgam,424483,217620,206863,209085,125052,84033
16,JAMMU AND KASHMIR,Doda,409936,213641,196295,219083,138620,80463
17,JAMMU AND KASHMIR,Ramban,283713,149132,134581,124065,82938,41127
18,JAMMU AND KASHMIR,Kishtwar,230696,120165,110531,107506,68700,38806
19,JAMMU AND KASHMIR,Udhampur,554985,296784,258201,322354,197543,124811
20,JAMMU AND KASHMIR,Reasi,314667,166461,148206,150542,93937,56605
21,JAMMU AND KASHMIR,Jammu,1529958,813821,716137,1137135,641916,495219
22,JAMMU AND KASHMIR,Samba,318898,169124,149774,228139,130312,97827
23,HIMACHAL PRADESH,Chamba,519080,261320,257760,323842,186064,137778
24,HIMACHAL PRADESH,Kangra,1510075,750591,759484,1152640,606443,546197
25,HIMACHAL PRADESH,Lahul AND Spiti,31564,16588,14976,21845,12897,8948
26,HIMACHAL PRADESH,Kullu,437903,225452,212451,307672,174550,133122
27,HIMACHAL PRADESH,Mandi,999777,498065,501712,723747,393669,330078
28,HIMACHAL PRADESH,Hamirpur,454768,217070,237698,358091,180555,177536
29,HIMACHAL PRADESH,Una,521173,263692,257481,399715,213281,186434
30,HIMACHAL PRADESH,Bilaspur,381956,192764,189192,287620,155599,132021
31,HIMACHAL PRADESH,Solan,580320,308754,271566,428578,244372,184206
32,HIMACHAL PRADESH,Sirmaur,529855,276289,253566,362645,205617,157028
33,HIMACHAL PRADESH,Shimla,814010,425039,388971,612642,342846,269796
34,HIMACHAL PRADESH,Kinnaur,84121,46249,37872,60699,36697,24002
35,PUNJAB,Gurdaspur,2298323,1212617,1085706,1634719,907660,727059
36,PUNJAB,Kapurthala,815168,426311,388857,576567,316254,260313
37,PUNJAB,Jalandhar,2193590,1145211,1048379,1622537,882581,739956
38,PUNJAB,Hoshiarpur,1586625,809057,777568,1199699,637927,561772
39,PUNJAB,Shahid Bhagat Singh Nagar,612310,313291,299019,438459,239155,199304
40,PUNJAB,Fatehgarh Sahib,600163,320795,279368,426033,238696,187337
41,PUNJAB,Ludhiana,3498739,1867816,1630923,2560225,1428348,1131877
42,PUNJAB,Moga,995746,525920,469826,627889,348549,279340
43,PUNJAB,Firozpur,2029074,1071637,957437,1227511,707070,520441
44,PUNJAB,Muktsar,901896,475622,426274,524848,300401,224447
45,PUNJAB,Faridkot,617508,326671,290837,381285,215767,165518
46,PUNJAB,Bathinda,1388525,743197,645328,844868,488261,356607
47,PUNJAB,Mansa,769751,408732,361019,423560,244037,179523
48,PUNJAB,Patiala,1895686,1002522,893164,1266791,711052,555739
49,PUNJAB,Amritsar,2490656,1318408,1172248,1684770,932981,751789
50,PUNJAB,Tarn Taran,1119627,589369,530258,666162,376427,289735
51,PUNJAB,Rupnagar,684627,357485,327142,502731,278534,224197
52,PUNJAB,Sahibzada Ajit Singh Nagar,994628,529253,465375,736575,409944,326631
53,PUNJAB,Sangrur,1655169,878029,777140,1002077,570413,431664
54,PUNJAB,Barnala,595527,317522,278005,359831,201999,157832
55,CHANDIGARH,Chandigarh,1055450,580663,474787,805438,465346,340092
56,UTTARAKHAND,Uttarkashi,330086,168597,161489,215126,128237,86889
57,UTTARAKHAND,Chamoli,391605,193991,197614,280556,155395,125161
58,UTTARAKHAND,Rudraprayag,242285,114589,127696,170933,91803,79130
59,UTTARAKHAND,Tehri Garhwal,618931,297986,320945,407994,227406,180588
60,UTTARAKHAND,Dehradun,1696694,892199,804495,1259506,702216,557290
61,UTTARAKHAND,Garhwal,687271,326829,360442,494889,262148,232741
62,UTTARAKHAND,Pithoragarh,483439,239306,244133,345550,189623,155927
63,UTTARAKHAND,Bageshwar,259898,124326,135572,179483,97546,81937
64,UTTARAKHAND,Almora,622506,291081,331425,436497,231604,204893
65,UTTARAKHAND,Champawat,259648,131125,128523,177726,102015,75711
66,UTTARAKHAND,Nainital,954605,493666,460939,696500,385779,310721
67,UTTARAKHAND,Udham Singh Nagar,1648902,858783,790119,1037839,598525,439314
68,UTTARAKHAND,Hardwar,1890422,1005295,885127,1178354,691411,486943
69,HARYANA,Panchkula,561293,299679,261614,405318,229862,175456
70,HARYANA,Ambala,1128350,598703,529647,818025,461288,356737
71,HARYANA,Yamunanagar,1214205,646718,567487,832457,474793,357664
72,HARYANA,Kurukshetra,964655,510976,453679,646893,370828,276065
73,HARYANA,Kaithal,1074304,571003,503301,646529,385782,260747
74,HARYANA,Karnal,1505324,797712,707612,978013,564516,413497
75,HARYANA,Panipat,1205437,646857,558580,786599,464136,322463
76,HARYANA,Sonipat,1450001,781299,668702,998316,589881,408435
77,HARYANA,Jind,1334152,713006,621146,832758,502049,330709
78,HARYANA,Fatehabad,942011,495360,446651,557578,327471,230107
79,HARYANA,Sirsa,1295189,682582,612607,782897,456968,325929
80,HARYANA,Hisar,1743931,931562,812369,1114311,670200,444111
81,HARYANA,Bhiwani,1634445,866672,767773,1069871,643158,426713
82,HARYANA,Rohtak,1061204,568479,492725,747582,436025,311557
83,HARYANA,Jhajjar,958405,514667,443738,676091,399480,276611
84,HARYANA,Mahendragarh,922088,486665,435423,630255,380440,249815
85,HARYANA,Rewari,900332,474335,425997,636947,375453,261494
86,HARYANA,Gurgaon,1514432,816690,697742,1111116,638666,472450
87,HARYANA,Mewat,1089263,571162,518101,454897,308435,146462
88,HARYANA,Faridabad,1809733,966110,843623,1272739,734940,537799
89,HARYANA,Palwal,1042708,554497,488211,599796,379696,220100
90,NCT OF DELHI,North West,3656539,1960922,1695617,2707855,1541952,1165903
91,NCT OF DELHI,North,887978,475002,412976,681517,381615,299902
92,NCT OF DELHI,North East,2241624,1188425,1053199,1611588,912481,699107
93,NCT OF DELHI,East,1709346,907500,801846,1352998,748382,604616
94,NCT OF DELHI,New Delhi,142004,77942,64062,114179,65678,48501
95,NCT OF DELHI,Central,582320,307821,274499,442360,240518,201842
96,NCT OF DELHI,West,2543243,1356240,1187003,1961179,1093933,867246
97,NCT OF DELHI,South West,2292958,1246046,1046912,1787689,1025261,762428
98,NCT OF DELHI,South,2731929,1467428,1264501,2078402,1185036,893366
99,RAJASTHAN,Ganganagar,1969168,1043340,925828,1193343,710908,482435
100,RAJASTHAN,Hanumangarh,1774692,931184,843508,1034136,624281,409855
101,RAJASTHAN,Bikaner,2363937,1240801,1123136,1278801,782399,496402
102,RAJASTHAN,Churu,2039547,1051446,988101,1149269,696729,452540
103,RAJASTHAN,Jhunjhunun,2137045,1095896,1041149,1370360,815834,554526
104,RAJASTHAN,Alwar,3674179,1939026,1735153,2182476,1359829,822647
105,RAJASTHAN,Bharatpur,2548462,1355726,1192736,1480869,943910,536959
106,RAJASTHAN,Dhaulpur,1206516,653647,552869,683098,435721,247377
107,RAJASTHAN,Karauli,1458248,783639,674609,805849,531904,273945
108,RAJASTHAN,Sawai Madhopur,1335551,704031,631520,741748,486184,255564
109,RAJASTHAN,Dausa,1634409,857787,776622,938051,596935,341116
110,RAJASTHAN,Jaipur,6626178,3468507,3157671,4300965,2554793,1746172
111,RAJASTHAN,Sikar,2677333,1374990,1302343,1652117,995275,656842
112,RAJASTHAN,Nagaur,3307743,1696325,1611418,1758624,1102750,655874
113,RAJASTHAN,Jodhpur,3687165,1923928,1763237,2031532,1265753,765779
114,RAJASTHAN,Jaisalmer,669919,361708,308211,308653,210415,98238
115,RAJASTHAN,Barmer,2603751,1369022,1234729,1188322,783461,404861
116,RAJASTHAN,Jalor,1828730,936634,892096,829582,543923,285659
117,RAJASTHAN,Sirohi,1036346,534231,502115,476806,309900,166906
118,RAJASTHAN,Pali,2037573,1025422,1012151,1085693,667381,418312
119,RAJASTHAN,Ajmer,2583052,1324085,1258967,1526673,926268,600405
120,RAJASTHAN,Tonk,1421326,728136,693190,749659,478329,271330
121,RAJASTHAN,Bundi,1110906,577160,533746,585044,371705,213339
122,RAJASTHAN,Bhilwara,2408523,1220736,1187787,1256126,777582,478544
123,RAJASTHAN,Rajsamand,1156597,581339,575258,619139,383334,235805
124,RAJASTHAN,Dungarpur,1388552,696532,692020,681591,415820,265771
125,RAJASTHAN,Banswara,1797485,907754,889731,829343,513854,315489
126,RAJASTHAN,Chittaurgarh,1544338,783171,761167,821825,514851,306974
127,RAJASTHAN,Kota,1951014,1021161,929853,1298345,765396,532949
128,RAJASTHAN,Baran,1222755,633945,588810,693307,432607,260700
129,RAJASTHAN,Jhalawar,1411129,725143,685986,739792,466815,272977
130,RAJASTHAN,Udaipur,3068420,1566801,1501619,1582629,973444,609185
131,RAJASTHAN,Pratapgarh,867848,437744,430104,401515,250122,151393
132,UTTAR PRADESH,Saharanpur,3466382,1834106,1632276,2077108,1220114,856994
133,UTTAR PRADESH,Muzaffarnagar,4143512,2193434,1950078,2417339,1448528,968811
134,UTTAR PRADESH,Bijnor,3682713,1921215,1761498,2135393,1241471,893922
135,UTTAR PRADESH,Moradabad,4772006,2503186,2268820,2263848,1357435,906413
136,UTTAR PRADESH,Rampur,2335819,1223889,1111930,1043666,630408,413258
137,UTTAR PRADESH,Jyotiba Phule Nagar,1840221,963449,876772,983110,600541,382569
138,UTTAR PRADESH,Meerut,3443689,1825743,1617946,2141488,1254520,886968
139,UTTAR PRADESH,Baghpat,1303048,700070,602978,797970,489858,308112
140,UTTAR PRADESH,Ghaziabad,4681645,2488834,2192811,3123264,1811397,1311867
141,UTTAR PRADESH,Gautam Buddha Nagar,1648115,890214,757901,1122947,666065,456882
142,UTTAR PRADESH,Bulandshahr,3499171,1845260,1653911,2031656,1253314,778342
143,UTTAR PRADESH,Aligarh,3673889,1951996,1721893,2092567,1283380,809187
144,UTTAR PRADESH,Mahamaya Nagar,1564708,836127,728581,942572,579157,363415
145,UTTAR PRADESH,Mathura,2547184,1367125,1180059,1507746,943346,564400
146,UTTAR PRADESH,Agra,4418797,2364953,2053844,2680510,1614594,1065916
147,UTTAR PRADESH,Firozabad,2498156,1332046,1166110,1521806,912314,609492
148,UTTAR PRADESH,Mainpuri,1868529,993377,875152,1203885,712110,491775
149,UTTAR PRADESH,Budaun,3681896,1967759,1714137,1547477,986501,560976
150,UTTAR PRADESH,Bareilly,4448359,2357665,2090694,2191759,1342697,849062
151,UTTAR PRADESH,Pilibhit,2031007,1072002,959005,1061095,654290,406805
152,UTTAR PRADESH,Shahjahanpur,3006538,1606403,1400135,1490930,915142,575788
153,UTTAR PRADESH,Kheri,4021243,2123187,1898056,2034044,1237157,796887
154,UTTAR PRADESH,Sitapur,4483992,2375264,2108728,2283733,1397702,886031
155,UTTAR PRADESH,Hardoi,4092845,2191442,1901403,2221601,1374587,847014
156,UTTAR PRADESH,Unnao,3108367,1630087,1478280,1773584,1053063,720521
157,UTTAR PRADESH,Lucknow,4589838,2394476,2195362,3127260,1742440,1384820
158,UTTAR PRADESH,Rae Bareli,3405559,1752542,1653017,1965843,1165965,799878
159,UTTAR PRADESH,Farrukhabad,1885204,1006240,878964,1092677,654827,437850
160,UTTAR PRADESH,Kannauj,1656616,881776,774840,1017087,603596,413491
161,UTTAR PRADESH,Etawah,1581810,845856,735954,1062003,623583,438420
162,UTTAR PRADESH,Auraiya,1379545,740040,639505,930836,546198,384638
163,UTTAR PRADESH,Kanpur Dehat,1796184,963255,832929,1170243,692964,477279
164,UTTAR PRADESH,Kanpur Nagar,4581268,2459806,2121462,3243022,1829179,1413843
165,UTTAR PRADESH,Jalaun,1689974,906092,783882,1075196,653430,421766
166,UTTAR PRADESH,Jhansi,1998603,1057436,941167,1304513,783705,520808
167,UTTAR PRADESH,Lalitpur,1221592,641011,580581,641191,397586,243605
168,UTTAR PRADESH,Hamirpur,1104285,593537,510748,653299,408125,245174
169,UTTAR PRADESH,Mahoba,875958,466358,409600,488106,302283,185823
170,UTTAR PRADESH,Banda,1799410,965876,833534,1002937,630626,372311
171,UTTAR PRADESH,Chitrakoot,991730,527721,464009,531072,330339,200733
172,UTTAR PRADESH,Fatehpur,2632733,1384722,1248011,1512166,911003,601163
173,UTTAR PRADESH,Pratapgarh,3209141,1606085,1603056,1931559,1121381,810178
174,UTTAR PRADESH,Kaushambi,1599596,838485,761111,813424,507279,306145
175,UTTAR PRADESH,Allahabad,5954391,3131807,2822584,3665727,2199340,1466387
176,UTTAR PRADESH,Bara Banki,3260699,1707073,1553626,1692458,1010518,681940
177,UTTAR PRADESH,Faizabad,2470996,1259628,1211368,1450901,838339,612562
178,UTTAR PRADESH,Ambedkar Nagar,2397888,1212410,1185478,1486939,846676,640263
179,UTTAR PRADESH,Sultanpur,3797117,1914586,1882531,2239902,1300248,939654
180,UTTAR PRADESH,Bahraich,3487731,1843884,1643847,1398368,878285,520083
181,UTTAR PRADESH,Shrawasti,1117361,593897,523464,423313,276700,146613
182,UTTAR PRADESH,Balrampur,2148665,1114721,1033944,868357,544943,323414
183,UTTAR PRADESH,Gonda,3433919,1787146,1646773,1679994,1034181,645813
184,UTTAR PRADESH,Siddharthnagar,2559297,1295095,1264202,1228926,740718,488208
185,UTTAR PRADESH,Basti,2464464,1255272,1209192,1393783,819719,574064
186,UTTAR PRADESH,Sant Kabir Nagar,1715183,869656,845527,954949,567098,387851
187,UTTAR PRADESH,Mahrajganj,2684703,1381754,1302949,1419144,881674,537470
188,UTTAR PRADESH,Gorakhpur,4440895,2277777,2163118,2700328,1593890,1106438
189,UTTAR PRADESH,Kushinagar,3564544,1818055,1746489,1954820,1183722,771098
190,UTTAR PRADESH,Deoria,3100946,1537436,1563510,1875239,1079288,795951
191,UTTAR PRADESH,Azamgarh,4613913,2285004,2328909,2771917,1559414,1212503
192,UTTAR PRADESH,Mau,2205968,1114709,1091259,1363044,773082,589962
193,UTTAR PRADESH,Ballia,3239774,1672902,1566872,1963590,1160960,802630
194,UTTAR PRADESH,Jaunpur,4494204,2220465,2273739,2731677,1565394,1166283
195,UTTAR PRADESH,Ghazipur,3620268,1855075,1765193,2197549,1293553,903996
196,UTTAR PRADESH,Chandauli,1952756,1017905,934851,1174606,699454,475152
197,UTTAR PRADESH,Varanasi,3676841,1921857,1754984,2403903,1389116,1014787
198,UTTAR PRADESH,Sant Ravidas Nagar (Bhadohi),1578213,807099,771114,910146,546782,363364
199,UTTAR PRADESH,Mirzapur,2496970,1312302,1184668,1428683,865837,562846
200,UTTAR PRADESH,Sonbhadra,1862559,971344,891215,985708,601988,383720
201,UTTAR PRADESH,Etah,1774480,947339,827141,1055202,647042,408160
202,UTTAR PRADESH,Kanshiram Nagar,1436719,764165,672554,724850,452803,272047
203,BIHAR,Pashchim Champaran,3935042,2061110,1873932,1759481,1091226,668255
204,BIHAR,Purba Champaran,5099371,2681209,2418162,2276957,1407603,869354
205,BIHAR,Sheohar,656246,346673,309573,283698,171645,112053
206,BIHAR,Sitamarhi,3423574,1803252,1620322,1436794,885188,551606
207,BIHAR,Madhubani,4487379,2329313,2158066,2155338,1340085,815253
208,BIHAR,Supaul,2229076,1155283,1073793,1033283,647672,385611
209,BIHAR,Araria,2811569,1463333,1348236,1195768,727643,468125
210,BIHAR,Kishanganj,1690400,866970,823430,745056,439921,305135
211,BIHAR,Purnia,3264619,1699370,1565249,1332326,805261,527065
212,BIHAR,Katihar,3071029,1600430,1470599,1280190,762256,517934
213,BIHAR,Madhepura,2001762,1047559,954203,834577,517666,316911
214,BIHAR,Saharsa,1900661,997174,903487,804996,506374,298622
215,BIHAR,Darbhanga,3937385,2059949,1877436,1816634,1125566,691068
216,BIHAR,Muzaffarpur,4801062,2527497,2273565,2509232,1487117,1022115
217,BIHAR,Gopalganj,2562012,1267666,1294346,1382998,793905,589093
218,BIHAR,Siwan,3330464,1675090,1655374,1930175,1115906,814269
219,BIHAR,Saran,3951862,2022821,1929041,2157454,1285767,871687
220,BIHAR,Vaishali,3495021,1844535,1650486,1926740,1152576,774164
221,BIHAR,Samastipur,4261566,2230003,2031563,2142880,1293575,849305
222,BIHAR,Begusarai,2970541,1567660,1402881,1548673,918507,630166
223,BIHAR,Khagaria,1666886,883786,783100,768028,461153,306875
224,BIHAR,Bhagalpur,3037766,1615663,1422103,1573066,937669,635397
225,BIHAR,Banka,2034763,1067140,967623,965321,590961,374360
226,BIHAR,Munger,1367765,729041,638724,801817,473741,328076
227,BIHAR,Lakhisarai,1000912,526345,474567,507270,305182,202088
228,BIHAR,Sheikhpura,636342,329743,306599,328676,196431,132245
229,BIHAR,Nalanda,2877653,1497060,1380593,1519933,919558,600375
230,BIHAR,Patna,5838465,3078512,2759953,3459679,2028047,1431632
231,BIHAR,Bhojpur,2728407,1430380,1298027,1599151,973486,625665
232,BIHAR,Buxar,1706352,887977,818375,989807,593544,396263
233,BIHAR,Kaimur (Bhabua),1626384,847006,779378,920276,549923,370353
234,BIHAR,Rohtas,2959918,1543546,1416372,1799832,1061783,738049
235,BIHAR,Aurangabad,2540073,1318684,1221389,1466002,868733,597269
236,BIHAR,Gaya,4391418,2266566,2124852,2297613,1368803,928810
237,BIHAR,Nawada,2219146,1144668,1074478,1091012,659474,431538
238,BIHAR,Jamui,1760405,916064,844341,858588,534385,324203
239,BIHAR,Jehanabad,1125313,585582,539731,618881,374412,244469
240,BIHAR,Arwal,700843,363497,337346,386351,235279,151072
241,SIKKIM,North  District,43709,24730,18979,30450,18579,11871
242,SIKKIM,West District,136435,70238,66197,93432,51988,41444
243,SIKKIM,South District,146850,76670,70180,106741,59357,47384
244,SIKKIM,East District,283583,151432,132151,214329,121345,92984
245,ARUNACHAL PRADESH,Tawang,49977,29151,20826,26073,17720,8353
246,ARUNACHAL PRADESH,West Kameng,83947,46155,37792,48492,29566,18926
247,ARUNACHAL PRADESH,East Kameng,78690,38775,39915,38449,21599,16850
248,ARUNACHAL PRADESH,Papum Pare,176573,89182,87391,121048,65794,55254
249,ARUNACHAL PRADESH,Upper Subansiri,83448,41758,41690,45278,24807,20471
250,ARUNACHAL PRADESH,West Siang,112274,58168,54106,64746,36777,27969
251,ARUNACHAL PRADESH,East Siang,99214,50116,49098,62576,34210,28366
252,ARUNACHAL PRADESH,Upper Siang,35320,18699,16621,18195,10723,7472
253,ARUNACHAL PRADESH,Changlang,148226,76948,71278,73174,44027,29147
254,ARUNACHAL PRADESH,Tirap,111975,57604,54371,47974,29313,18661
255,ARUNACHAL PRADESH,Lower Subansiri,83030,41843,41187,54057,29470,24587
256,ARUNACHAL PRADESH,Kurung Kumey,92076,45318,46758,36606,20258,16348
257,ARUNACHAL PRADESH,Dibang Valley,8004,4414,3590,4436,2614,1822
258,ARUNACHAL PRADESH,Lower Dibang Valley,54080,28053,26027,31849,18087,13762
259,ARUNACHAL PRADESH,Lohit,145726,76221,69505,83062,48380,34682
260,ARUNACHAL PRADESH,Anjaw,21167,11507,9660,9990,6523,3467
261,NAGALAND,Mon,250260,131753,118507,119626,67432,52194
262,NAGALAND,Mokokchung,194622,101092,93530,159494,83479,76015
263,NAGALAND,Zunheboto,140757,71217,69540,102881,53504,49377
264,NAGALAND,Wokha,166343,84505,81838,128208,67385,60823
265,NAGALAND,Dimapur,378811,197394,181417,278037,150142,127895
266,NAGALAND,Phek,163418,83743,79675,105893,57926,47967
267,NAGALAND,Tuensang,196596,101933,94663,117511,63653,53858
268,NAGALAND,Longleng,50484,26502,23982,29859,16139,13720
269,NAGALAND,Kiphire,74004,37830,36174,41232,22675,18557
270,NAGALAND,Kohima,267988,138966,129022,197489,107038,90451
271,NAGALAND,Peren,95219,49714,45505,62204,34584,27620
272,MANIPUR,Senapati,479148,247323,231825,264477,148012,116465
273,MANIPUR,Tamenglong,140651,72371,68280,85006,47403,37603
274,MANIPUR,Churachandpur,274143,138820,135323,195935,104013,91922
275,MANIPUR,Bishnupur,237399,118782,118617,156333,87313,69020
276,MANIPUR,Thoubal,422168,210845,211323,269304,152617,116687
277,MANIPUR,Imphal West,517992,255054,262938,392626,205985,186641
278,MANIPUR,Imphal East,456113,226094,230019,324664,173314,151350
279,MANIPUR,Ukhrul,183998,94718,89280,129829,70148,59681
280,MANIPUR,Chandel,144182,74579,69603,90302,51053,39249
281,MIZORAM,Mamit,86364,44828,41536,60191,32977,27214
282,MIZORAM,Kolasib,83955,42918,41037,65895,34147,31748
283,MIZORAM,Aizawl,400309,199270,201039,340595,169547,171048
284,MIZORAM,Champhai,125745,63388,62357,100802,51440,49362
285,MIZORAM,Serchhip,64937,32851,32086,54476,27598,26878
286,MIZORAM,Lunglei,161428,82891,78537,121122,64515,56607
287,MIZORAM,Lawngtlai,117894,60599,57295,62861,36444,26417
288,MIZORAM,Saiha,56574,28594,27980,42233,21861,20372
289,TRIPURA,West Tripura,1725739,879428,846311,1361354,722998,638356
290,TRIPURA,South Tripura,876001,447544,428457,646810,351082,295728
291,TRIPURA,Dhalai,378230,194544,183686,276217,151643,124574
292,TRIPURA,North Tripura,693947,352860,341087,520402,275646,244756
293,MEGHALAYA,West Garo Hills,643291,324159,319132,358702,193438,165264
294,MEGHALAYA,East Garo Hills,317917,161223,156694,192147,102513,89634
295,MEGHALAYA,South Garo Hills,142334,73170,69164,82062,45003,37059
296,MEGHALAYA,West Khasi Hills,383461,193715,189746,230678,117307,113371
297,MEGHALAYA,Ribhoi,258840,132531,126309,155859,80977,74882
298,MEGHALAYA,East Khasi Hills,825922,410749,415173,578030,287270,290760
299,MEGHALAYA,Jaintia Hills,395124,196285,198839,187527,87371,100156
300,ASSAM,Kokrajhar,887142,452905,434237,489305,275220,214085
301,ASSAM,Dhubri,1949258,997848,951410,922341,511551,410790
302,ASSAM,Goalpara,1008183,513292,494891,563577,304302,259275
303,ASSAM,Barpeta,1693622,867004,826618,897058,499038,398020
304,ASSAM,Morigaon,957423,486651,470772,539902,289698,250204
305,ASSAM,Nagaon,2823768,1439112,1384656,1710716,921850,788866
306,ASSAM,Sonitpur,1924110,983904,940206,1108572,620525,488047
307,ASSAM,Lakhimpur,1042137,529674,512463,683486,375552,307934
308,ASSAM,Dhemaji,686133,351249,334884,423028,237761,185267
309,ASSAM,Tinsukia,1327929,680231,647698,798322,453449,344873
310,ASSAM,Dibrugarh,1326335,676434,649901,884531,491361,393170
311,ASSAM,Sivasagar,1151050,589216,561834,813505,444767,368738
312,ASSAM,Jorhat,1092256,556805,535451,794929,432335,362594
313,ASSAM,Golaghat,1066888,543161,523727,721764,396475,325289
314,ASSAM,Karbi Anglong,956313,490167,466146,557214,314253,242961
315,ASSAM,Dima Hasao,214102,110802,103300,140873,78559,62314
316,ASSAM,Cachar,1736617,886284,850333,1174128,639946,534182
317,ASSAM,Karimganj,1228686,625864,602822,795297,435942,359355
318,ASSAM,Hailakandi,659296,337890,321406,407366,226836,180530
319,ASSAM,Bongaigaon,738804,375818,362986,434078,237114,196964
320,ASSAM,Chirang,482162,244860,237302,259902,145869,114033
321,ASSAM,Kamrup,1517542,778461,739081,995319,550219,445100
322,ASSAM,Kamrup Metropolitan,1253938,647585,606353,1001191,537227,463964
323,ASSAM,Nalbari,771639,396006,375633,531771,293184,238587
324,ASSAM,Baksa,950075,481330,468745,572837,322614,250223
325,ASSAM,Darrang,928500,475273,453227,487039,268666,218373
326,ASSAM,Udalguri,831668,421617,410051,469926,264326,205600
327,WEST BENGAL,Darjiling,1846823,937259,909564,1315585,717673,597912
328,WEST BENGAL,Jalpaiguri,3872846,1983064,1889782,2498780,1396622,1102158
329,WEST BENGAL,Koch Bihar,2819086,1451542,1367544,1850504,1028733,821771
330,WEST BENGAL,Uttar Dinajpur,3007134,1551066,1456068,1489667,853495,636172
331,WEST BENGAL,Dakshin Dinajpur,1676276,857199,819077,1083685,596474,487211
332,WEST BENGAL,Maldah,3988845,2051541,1937304,2086432,1152019,934413
333,WEST BENGAL,Murshidabad,7103807,3627564,3476243,4055834,2177187,1878647
334,WEST BENGAL,Birbhum,3502404,1790920,1711484,2158447,1201481,956966
335,WEST BENGAL,Barddhaman,7717563,3966889,3750674,5247208,2918040,2329168
336,WEST BENGAL,Nadia,5167600,2653768,2513832,3480555,1878866,1601689
337,WEST BENGAL,North Twenty Four Parganas,10009781,5119389,4890392,7608693,4056046,3552647
338,WEST BENGAL,Hugli,5519145,2814653,2704492,4078388,2211777,1866611
339,WEST BENGAL,Bankura,3596674,1838095,1758579,2232992,1299337,933655
340,WEST BENGAL,Puruliya,2930115,1496996,1433119,1624905,1002058,622847
341,WEST BENGAL,Haora,4850029,2500819,2349210,3605206,1942824,1662382
342,WEST BENGAL,Kolkata,4496694,2356766,2139928,3588137,1926915,1661222
343,WEST BENGAL,South Twenty Four Parganas,8161961,4173778,3988183,5531657,3043277,2488380
344,WEST BENGAL,Paschim Medinipur,5913457,3007885,2905572,4078412,2266913,1811499
345,WEST BENGAL,Purba Medinipur,5095875,2629834,2466041,3923194,2149073,1774121
346,JHARKHAND,Garhwa,1322784,683575,639209,653476,405161,248315
347,JHARKHAND,Chatra,1042886,533935,508951,510061,303902,206159
348,JHARKHAND,Kodarma,716259,367222,349037,390249,238780,151469
349,JHARKHAND,Giridih,2445474,1258098,1187376,1253475,783736,469739
350,JHARKHAND,Deoghar,1492073,775022,717051,793538,489837,303701
351,JHARKHAND,Godda,1313551,677927,635624,604519,376212,228307
352,JHARKHAND,Sahibganj,1150567,589391,561176,483263,287303,195960
353,JHARKHAND,Pakur,900422,452661,447761,352881,206989,145892
354,JHARKHAND,Dhanbad,2684487,1405956,1278531,1722204,1014950,707254
355,JHARKHAND,Bokaro,2062330,1072807,989523,1273520,759088,514432
356,JHARKHAND,Lohardaga,461790,232629,229161,259707,149568,110139
357,JHARKHAND,Purbi Singhbhum,2293919,1176902,1117017,1507699,856526,651173
358,JHARKHAND,Palamu,1939869,1006302,933567,1024563,621706,402857
359,JHARKHAND,Latehar,726978,369666,357312,350682,209706,140976
360,JHARKHAND,Hazaribagh,1734495,890881,843614,1013249,596113,417136
361,JHARKHAND,Ramgarh,949443,494230,455213,596497,350031,246466
362,JHARKHAND,Dumka,1321442,668514,652928,672409,406275,266134
363,JHARKHAND,Jamtara,791042,404830,386212,426312,258260,168052
364,JHARKHAND,Ranchi,2914253,1494937,1419316,1911433,1085244,826189
365,JHARKHAND,Khunti,531885,266335,265550,284575,164741,119834
366,JHARKHAND,Gumla,1025213,514390,510823,559720,321795,237925
367,JHARKHAND,Simdega,599578,300309,299269,343483,191991,151492
368,JHARKHAND,Pashchimi Singhbhum,1502338,749385,752953,727561,439273,288288
369,JHARKHAND,Saraikela-Kharsawan,1065056,544411,520645,612993,365332,247661
370,ORISSA,Bargarh,1481255,749161,732094,983783,557217,426566
371,ORISSA,Jharsuguda,579505,296690,282815,405879,228092,177787
372,ORISSA,Sambalpur,1041099,526877,514222,703691,393192,310499
373,ORISSA,Debagarh,312520,158230,154290,197819,112649,85170
374,ORISSA,Sundargarh,2093437,1061147,1032290,1342322,750147,592175
375,ORISSA,Kendujhar,1801733,906487,895246,1052518,605119,447399
376,ORISSA,Mayurbhanj,2519738,1256213,1263525,1369397,794171,575226
377,ORISSA,Baleshwar,2320529,1185787,1134742,1621232,902359,718873
378,ORISSA,Bhadrak,1506337,760260,746077,1094140,596269,497871
379,ORISSA,Kendrapara,1440361,717814,722547,1089265,579970,509295
380,ORISSA,Jagatsinghapur,1136971,577865,559106,889027,481049,407978
381,ORISSA,Cuttack,2624470,1352760,1271710,2011469,1103033,908436
382,ORISSA,Jajapur,1827192,926034,901158,1290455,706396,584059
383,ORISSA,Dhenkanal,1192811,612593,580218,829910,464093,365817
384,ORISSA,Anugul,1273821,655718,618103,869456,494425,375031
385,ORISSA,Nayagarh,962789,502636,460153,688362,392333,296029
386,ORISSA,Khordha,2251673,1167137,1084536,1749936,957515,792421
387,ORISSA,Puri,1698730,865380,833350,1291939,704857,587082
388,ORISSA,Ganjam,3529031,1779218,1749813,2210050,1262652,947398
389,ORISSA,Gajapati,577817,282882,294935,262537,153663,108874
390,ORISSA,Kandhamal,733110,359945,373165,399786,233900,165886
391,ORISSA,Baudh,441162,221625,219537,271612,158648,112964
392,ORISSA,Subarnapur,610183,311312,298871,398421,230393,168028
393,ORISSA,Balangir,1648997,830097,818900,927260,545672,381588
394,ORISSA,Nuapada,610382,301962,308420,299383,180903,118480
395,ORISSA,Kalahandi,1576869,787101,789768,802036,484177,317859
396,ORISSA,Rayagada,967911,471960,495951,407735,241959,165776
397,ORISSA,Nabarangapur,1220946,604812,616134,470379,286984,183395
398,ORISSA,Koraput,1379647,678809,700838,568090,340843,227247
399,ORISSA,Malkangiri,613192,303624,309568,244706,147001,97705
400,CHHATTISGARH,Koriya,658917,334737,324180,397823,229923,167900
401,CHHATTISGARH,Surguja,2359886,1193129,1166757,1187941,694686,493255
402,CHHATTISGARH,Jashpur,851669,424747,426922,495415,280656,214759
403,CHHATTISGARH,Raigarh,1493984,750278,743706,951639,542756,408883
404,CHHATTISGARH,Korba,1206640,612915,593725,748759,433391,315368
405,CHHATTISGARH,Janjgir - Champa,1619707,815717,803990,1019634,593679,425955
406,CHHATTISGARH,Bilaspur,2663629,1351574,1312055,1596560,932474,664086
407,CHHATTISGARH,Kabeerdham,822526,412058,410468,414167,248503,165664
408,CHHATTISGARH,Rajnandgaon,1537133,762855,774278,1008379,561355,447024
409,CHHATTISGARH,Durg,3343872,1682101,1661771,2303378,1284612,1018766
410,CHHATTISGARH,Raipur,4063872,2048186,2015686,2629749,1493158,1136591
411,CHHATTISGARH,Mahasamund,1032754,511967,520787,637963,364089,273874
412,CHHATTISGARH,Dhamtari,799781,397897,401884,546833,303924,242909
413,CHHATTISGARH,Uttar Bastar Kanker,748941,373338,375603,456042,258298,197744
414,CHHATTISGARH,Bastar,1413199,698487,714712,650863,382335,268528
415,CHHATTISGARH,Narayanpur,139820,70104,69716,56621,33449,23172
416,CHHATTISGARH,Dakshin Bastar Dantewada,533638,264142,269496,191237,116529,74708
417,CHHATTISGARH,Bijapur,255230,128663,126567,86919,54076,32843
418,MADHYA PRADESH,Sheopur,687861,361784,326077,328025,208201,119824
419,MADHYA PRADESH,Morena,1965970,1068417,897553,1179685,747652,432033
420,MADHYA PRADESH,Bhind,1703005,926843,776162,1094917,676513,418404
421,MADHYA PRADESH,Gwalior,2032036,1090327,941709,1357210,803114,554096
422,MADHYA PRADESH,Datia,786754,420157,366597,491445,303815,187630
423,MADHYA PRADESH,Shivpuri,1726050,919795,806255,900846,573242,327604
424,MADHYA PRADESH,Tikamgarh,1445166,760355,684811,747940,459353,288587
425,MADHYA PRADESH,Chhatarpur,1762375,936121,826254,943033,572010,371023
426,MADHYA PRADESH,Panna,1016520,533480,483040,552559,332140,220419
427,MADHYA PRADESH,Sagar,2378458,1256257,1122201,1545719,908607,637112
428,MADHYA PRADESH,Damoh,1264219,661873,602346,747715,445737,301978
429,MADHYA PRADESH,Satna,2228935,1157495,1071440,1371781,801051,570730
430,MADHYA PRADESH,Rewa,2365106,1225100,1140006,1441757,845572,596185
431,MADHYA PRADESH,Umaria,644758,330674,314084,356672,210907,145765
432,MADHYA PRADESH,Neemuch,826067,422653,403414,508834,307889,200945
433,MADHYA PRADESH,Mandsaur,1340411,682851,657560,834591,502898,331693
434,MADHYA PRADESH,Ratlam,1455069,738241,716828,825880,485090,340790
435,MADHYA PRADESH,Ujjain,1986864,1016289,970575,1240990,730817,510173
436,MADHYA PRADESH,Shajapur,1512681,780520,732161,894612,543509,351103
437,MADHYA PRADESH,Dewas,1563715,805359,758356,925369,550716,374653
438,MADHYA PRADESH,Dhar,2185793,1112725,1073068,1077338,638479,438859
439,MADHYA PRADESH,Indore,3276697,1699627,1577070,2309130,1289631,1019499
440,MADHYA PRADESH,Khargone (West Nimar),1873046,953121,919925,986234,575428,410806
441,MADHYA PRADESH,Barwani,1385881,699340,686541,549926,313642,236284
442,MADHYA PRADESH,Rajgarh,1545814,790212,755602,804245,488797,315448
443,MADHYA PRADESH,Vidisha,1458875,769568,689307,862918,512344,350574
444,MADHYA PRADESH,Bhopal,2371061,1236130,1134931,1660690,920314,740376
445,MADHYA PRADESH,Sehore,1311332,683743,627589,780362,469208,311154
446,MADHYA PRADESH,Raisen,1331597,700358,631239,820220,479093,341127
447,MADHYA PRADESH,Betul,1575362,799236,776126,939769,529783,409986
448,MADHYA PRADESH,Harda,570465,294838,275627,352550,203807,148743
449,MADHYA PRADESH,Hoshangabad,1241350,648725,592625,810644,469199,341445
450,MADHYA PRADESH,Katni,1292042,662013,630029,790773,460583,330190
451,MADHYA PRADESH,Jabalpur,2463289,1277278,1186011,1756468,980307,776161
452,MADHYA PRADESH,Narsimhapur,1091854,568810,523044,718785,413491,305294
453,MADHYA PRADESH,Dindori,704524,351913,352611,378714,222759,155955
454,MADHYA PRADESH,Mandla,1054905,525272,529633,604962,348033,256929
455,MADHYA PRADESH,Chhindwara,2090922,1064468,1026454,1294198,731294,562904
456,MADHYA PRADESH,Seoni,1379131,695879,683252,864194,485341,378853
457,MADHYA PRADESH,Balaghat,1701698,842178,859520,1147623,626468,521155
458,MADHYA PRADESH,Guna,1241519,649362,592157,653980,400537,253443
459,MADHYA PRADESH,Ashoknagar,845071,443837,401234,469109,290304,178805
460,MADHYA PRADESH,Shahdol,1066063,540021,526042,604194,348761,255433
461,MADHYA PRADESH,Anuppur,749237,379114,370123,436595,254120,182475
462,MADHYA PRADESH,Sidhi,1127033,575912,551121,600785,353030,247755
463,MADHYA PRADESH,Singrauli,1178273,613637,564636,585054,359923,225131
464,MADHYA PRADESH,Jhabua,1025048,515023,510025,352081,214582,137499
465,MADHYA PRADESH,Alirajpur,728999,362542,366457,209754,120905,88849
466,MADHYA PRADESH,Khandwa (East Nimar),1310061,674329,635732,731615,432259,299356
467,MADHYA PRADESH,Burhanpur,757847,388504,369343,408679,233073,175606
468,GUJARAT,Kachchh,2092371,1096737,995634,1252319,739239,513080
469,GUJARAT,Banas Kantha,3120506,1610379,1510127,1704923,1048402,656521
470,GUJARAT,Patan,1343734,694397,649337,837913,494631,343282
471,GUJARAT,Mahesana,2035064,1056520,978544,1502645,847499,655146
472,GUJARAT,Sabar Kantha,2428589,1244231,1184358,1578734,918625,660109
473,GUJARAT,Gandhinagar,1391753,723864,667889,1030494,582686,447808
474,GUJARAT,Ahmadabad,7214225,3788051,3426174,5435760,3025463,2410297
475,GUJARAT,Surendranagar,1756268,909917,846351,1093626,643221,450405
476,GUJARAT,Rajkot,3804558,1974445,1830113,2725056,1514075,1210981
477,GUJARAT,Jamnagar,2160119,1114192,1045927,1396534,795140,601394
478,GUJARAT,Porbandar,585449,300209,285240,393678,221621,172057
479,GUJARAT,Junagadh,2743082,1404356,1338726,1842818,1046981,795837
480,GUJARAT,Amreli,1514190,771049,743141,995459,558180,437279
481,GUJARAT,Bhavnagar,2880365,1490201,1390164,1887255,1087371,799884
482,GUJARAT,Anand,2092745,1087224,1005521,1551253,874481,676772
483,GUJARAT,Kheda,2299885,1185727,1114158,1660243,942480,717763
484,GUJARAT,Panch Mahals,2390776,1226961,1163815,1440805,858054,582751
485,GUJARAT,Dohad,2127086,1068651,1058435,1007171,599035,408136
486,GUJARAT,Vadodara,4165626,2153736,2011890,2893080,1614087,1278993
487,GUJARAT,Narmada,590297,301086,289211,370336,211767,158569
488,GUJARAT,Bharuch,1551019,805707,745312,1118276,623047,495229
489,GUJARAT,The Dangs,228291,113821,114470,140968,77314,63654
490,GUJARAT,Navsari,1329672,678165,651507,1001909,539471,462438
491,GUJARAT,Valsad,1705678,887222,818456,1170657,655528,515129
492,GUJARAT,Surat,6081322,3402224,2679098,4571410,2687468,1883942
493,GUJARAT,Tapi,807022,402188,404834,490036,269007,221029
494,DAMAN AND DIU,Diu,52074,25642,26432,38058,20327,17731
495,DAMAN AND DIU,Daman,191173,124659,66514,150348,104316,46032
496,DADRA AND NAGAR HAVELI,Dadra AND Nagar Haveli,343709,193760,149949,223230,142521,80709
497,MAHARASHTRA,Nandurbar,1648295,833170,815125,906509,512099,394410
498,MAHARASHTRA,Dhule,2050862,1054031,996831,1293916,723388,570528
499,MAHARASHTRA,Jalgaon,4229917,2197365,2032552,2891882,1629223,1262659
500,MAHARASHTRA,Buldana,2586258,1337560,1248698,1879874,1048892,830982
501,MAHARASHTRA,Akola,1813906,932334,881572,1411281,758977,652304
502,MAHARASHTRA,Washim,1197160,620302,576858,869917,487703,382214
503,MAHARASHTRA,Amravati,2888445,1480768,1407677,2251875,1207104,1044771
504,MAHARASHTRA,Wardha,1300774,668385,632389,1019458,552617,466841
505,MAHARASHTRA,Nagpur,4653570,2384975,2268595,3673808,1959220,1714588
506,MAHARASHTRA,Bhandara,1200334,605520,594814,899860,488709,411151
507,MAHARASHTRA,Gondiya,1322507,661554,660953,1004243,542837,461406
508,MAHARASHTRA,Gadchiroli,1072942,541328,531614,708365,395110,313255
509,MAHARASHTRA,Chandrapur,2204307,1123834,1080473,1578615,872565,706050
510,MAHARASHTRA,Yavatmal,2772348,1419965,1352383,2022574,1115980,906594
511,MAHARASHTRA,Nanded,3361292,1730075,1631217,2189425,1255222,934203
512,MAHARASHTRA,Hingoli,1177345,606294,571051,790743,450551,340192
513,MAHARASHTRA,Parbhani,1836086,942870,893216,1157814,666291,491523
514,MAHARASHTRA,Jalna,1959046,1011473,947573,1195523,699428,496095
515,MAHARASHTRA,Aurangabad,3701282,1924469,1776813,2503837,1430936,1072901
516,MAHARASHTRA,Nashik,6107187,3157186,2950001,4345366,2397538,1947828
517,MAHARASHTRA,Thane,11060148,5865078,5195070,8227161,4591396,3635765
518,MAHARASHTRA,Mumbai Suburban,9356962,5031323,4325639,7575485,4223029,3352456
519,MAHARASHTRA,Mumbai,3085411,1684608,1400803,2509022,1410680,1098342
520,MAHARASHTRA,Raigarh,2634200,1344345,1289855,1939994,1059692,880302
521,MAHARASHTRA,Pune,9429408,4924105,4505303,7171723,3940210,3231513
522,MAHARASHTRA,Ahmadnagar,4543159,2342825,2200334,3151890,1773355,1378535
523,MAHARASHTRA,Bid,2585049,1349106,1235943,1718507,987185,731322
524,MAHARASHTRA,Latur,2454196,1273140,1181056,1650672,932432,718240
525,MAHARASHTRA,Osmanabad,1657576,861535,796041,1137810,644304,493506
526,MAHARASHTRA,Solapur,4317756,2227852,2089904,2910676,1651266,1259410
527,MAHARASHTRA,Satara,3003741,1510842,1492899,2225694,1201034,1024660
528,MAHARASHTRA,Ratnagiri,1615069,761121,853948,1199392,619012,580380
529,MAHARASHTRA,Sindhudurg,849651,417332,432319,666067,348289,317778
530,MAHARASHTRA,Kolhapur,3876001,1980658,1895343,2825845,1559760,1266085
531,MAHARASHTRA,Sangli,2822143,1435728,1386415,2049467,1121550,927917
532,ANDHRA PRADESH,Adilabad,2741239,1369597,1371642,1483347,856350,626997
533,ANDHRA PRADESH,Nizamabad,2551335,1250641,1300694,1389810,790214,599596
534,ANDHRA PRADESH,Karimnagar,3776269,1880800,1895469,2206829,1257238,949591
535,ANDHRA PRADESH,Medak,3033288,1523030,1510258,1637137,953406,683731
536,ANDHRA PRADESH,Hyderabad,3943323,2018575,1924748,2892155,1542688,1349467
537,ANDHRA PRADESH,Rangareddy,5296741,2701008,2595733,3538028,1948784,1589244
538,ANDHRA PRADESH,Mahbubnagar,4053028,2050386,2002642,1940646,1158386,782260
539,ANDHRA PRADESH,Nalgonda,3488809,1759772,1729037,2001019,1160757,840262
540,ANDHRA PRADESH,Warangal,3512576,1759281,1753295,2065023,1179790,885233
541,ANDHRA PRADESH,Khammam,2797370,1390988,1406382,1630234,901640,728594
542,ANDHRA PRADESH,Srikakulam,2703114,1341738,1361376,1495381,857824,637557
543,ANDHRA PRADESH,Vizianagaram,2344474,1161477,1182997,1238388,707503,530885
544,ANDHRA PRADESH,Visakhapatnam,4290589,2138910,2151679,2568249,1422878,1145371
545,ANDHRA PRADESH,East Godavari,5154296,2569688,2584608,3288577,1716933,1571644
546,ANDHRA PRADESH,West Godavari,3936966,1964918,1972048,2652389,1379223,1273166
547,ANDHRA PRADESH,Krishna,4517398,2267375,2250023,3009718,1598959,1410759
548,ANDHRA PRADESH,Guntur,4887813,2440521,2447292,2960441,1634726,1325715
549,ANDHRA PRADESH,Prakasam,3397448,1714764,1682684,1904435,1107686,796749
550,ANDHRA PRADESH,Sri Potti Sriramulu Nellore,2963557,1492974,1470583,1832189,1011922,820267
551,ANDHRA PRADESH,Y.S.R.,2882469,1451777,1430692,1716766,994699,722067
552,ANDHRA PRADESH,Kurnool,4053463,2039227,2014236,2127161,1246369,880792
553,ANDHRA PRADESH,Anantapur,4081148,2064495,2016653,2310960,1338474,972486
554,ANDHRA PRADESH,Chittoor,4174064,2090204,2083860,2667878,1484794,1183084
555,KARNATAKA,Belgaum,4779661,2423063,2356598,3052032,1725548,1326484
556,KARNATAKA,Bagalkot,1889752,950111,939641,1113412,641388,472024
557,KARNATAKA,Bijapur,2177331,1111022,1066309,1248268,730566,517702
558,KARNATAKA,Bidar,1703300,870665,832635,1042673,597198,445475
559,KARNATAKA,Raichur,1928812,964511,964301,979769,577213,402556
560,KARNATAKA,Koppal,1389920,699926,689994,809085,468785,340300
561,KARNATAKA,Gadag,1064570,537147,527423,700177,397178,302999
562,KARNATAKA,Dharwad,1847023,937206,909817,1301664,711776,589888
563,KARNATAKA,Uttara Kannada,1437169,726256,710913,1081906,582099,499807
564,KARNATAKA,Haveri,1597668,819128,778540,1085443,603793,481650
565,KARNATAKA,Bellary,2452595,1236954,1215641,1421621,813440,608181
566,KARNATAKA,Chitradurga,1659456,840843,818613,1087392,607188,480204
567,KARNATAKA,Davanagere,1945497,986400,959097,1308540,720637,587903
568,KARNATAKA,Shimoga,1752753,877415,875338,1263016,674938,588078
569,KARNATAKA,Udupi,1177361,562131,615230,926429,465704,460725
570,KARNATAKA,Chikmagalur,1137961,566622,571339,818345,438257,380088
571,KARNATAKA,Tumkur,2678980,1350594,1328386,1813391,1006024,807367
572,KARNATAKA,Bangalore,9621551,5022661,4598890,7512276,4078041,3434235
573,KARNATAKA,Mandya,1805769,905085,900684,1149649,638668,510981
574,KARNATAKA,Hassan,1776421,883667,892754,1225256,668836,556420
575,KARNATAKA,Dakshina Kannada,2089649,1034714,1054935,1666323,864019,802304
576,KARNATAKA,Kodagu,554519,274608,279911,412877,215302,197575
577,KARNATAKA,Mysore,3001127,1511600,1489527,1962180,1063766,898414
578,KARNATAKA,Chamarajanagar,1020791,512231,508560,565279,312957,252322
579,KARNATAKA,Gulbarga,2566326,1301755,1264571,1427368,828359,599009
580,KARNATAKA,Yadgir,1174271,590329,583942,510003,306751,203252
581,KARNATAKA,Kolar,1536401,776396,760005,1016219,564110,452109
582,KARNATAKA,Chikkaballapura,1255104,636437,618667,783222,442158,341064
583,KARNATAKA,Bangalore Rural,990923,509172,481751,688749,385311,303438
584,KARNATAKA,Ramanagara,1082636,548008,534628,674758,378461,296297
585,GOA,North Goa,818008,416677,401331,663060,351738,311322
586,GOA,South Goa,640537,322463,318074,502427,264085,238342
587,LAKSHADWEEP,Lakshadweep,64473,33123,31350,52553,28023,24530
588,KERALA,Kasaragod,1307375,628613,678762,1037492,516476,521016
589,KERALA,Kannur,2523003,1181446,1341557,2138434,1012956,1125478
590,KERALA,Wayanad,817420,401684,415736,645585,328136,317449
591,KERALA,Kozhikode,3086293,1470942,1615351,2615443,1266939,1348504
592,KERALA,Malappuram,4112920,1960328,2152592,3311315,1597404,1713911
593,KERALA,Palakkad,2809934,1359478,1450456,2239492,1122600,1116892
594,KERALA,Thrissur,3121200,1480763,1640437,2678548,1282261,1396287
595,KERALA,Ernakulam,3282388,1619557,1662831,2855676,1425723,1429953
596,KERALA,Idukki,1108974,552808,556166,923010,471881,451129
597,KERALA,Kottayam,1974551,968289,1006262,1749798,861592,888206
598,KERALA,Alappuzha,2127789,1013142,1114647,1852797,890552,962245
599,KERALA,Pathanamthitta,1197412,561716,635696,1062553,499181,563372
600,KERALA,Kollam,2635375,1246968,1388407,2240273,1074345,1165928
601,KERALA,Thiruvananthapuram,3301427,1581678,1719749,2785408,1354857,1430551
602,TAMIL NADU,Thiruvallur,3728104,1876062,1852042,2791721,1495711,1296010
603,TAMIL NADU,Chennai,4646732,2335844,2310888,3776276,1968079,1808197
604,TAMIL NADU,Kancheepuram,3998252,2012958,1985294,3013382,1611461,1401921
605,TAMIL NADU,Vellore,3936331,1961688,1974643,2773928,1504355,1269573
606,TAMIL NADU,Tiruvannamalai,2464875,1235889,1228986,1626813,909803,717010
607,TAMIL NADU,Viluppuram,3458873,1740819,1718054,2195776,1234479,961297
608,TAMIL NADU,Salem,3482056,1781571,1700485,2285562,1285107,1000455
609,TAMIL NADU,Namakkal,1726601,869280,857321,1176131,653312,522819
610,TAMIL NADU,Erode,2251744,1129868,1121876,1492662,828300,664362
611,TAMIL NADU,The Nilgiris,735394,360143,375251,569647,299447,270200
612,TAMIL NADU,Dindigul,2159775,1080938,1078837,1481834,816180,665654
613,TAMIL NADU,Karur,1064493,528184,536309,727044,401726,325318
614,TAMIL NADU,Tiruchirappalli,2722290,1352284,1370006,2038981,1087765,951216
615,TAMIL NADU,Perambalur,565223,282157,283066,375823,208011,167812
616,TAMIL NADU,Ariyalur,754894,374703,380191,480604,269582,211022
617,TAMIL NADU,Cuddalore,2605914,1311697,1294217,1815281,1000322,814959
618,TAMIL NADU,Nagapattinam,1616450,798127,818323,1213008,640916,572092
619,TAMIL NADU,Thiruvarur,1264277,626693,637584,946471,503085,443386
620,TAMIL NADU,Thanjavur,2405890,1182416,1223474,1790998,944264,846734
621,TAMIL NADU,Pudukkottai,1618345,803188,815157,1110545,608776,501769
622,TAMIL NADU,Sivaganga,1339101,668672,670429,959744,526304,433440
623,TAMIL NADU,Madurai,3038252,1526475,1511777,2273430,1223810,1049620
624,TAMIL NADU,Theni,1245899,625683,620216,870080,479403,390677
625,TAMIL NADU,Virudhunagar,1942288,967709,974579,1398788,760375,638413
626,TAMIL NADU,Ramanathapuram,1353445,682658,670787,978946,536487,442459
627,TAMIL NADU,Thoothukkudi,1750176,865021,885155,1349697,703106,646591
628,TAMIL NADU,Tirunelveli,3077233,1520912,1556321,2273457,1210710,1062747
629,TAMIL NADU,Kanniyakumari,1870374,926345,944029,1548738,780541,768197
630,TAMIL NADU,Dharmapuri,1506843,774303,732540,917709,527599,390110
631,TAMIL NADU,Krishnagiri,1879809,960232,919577,1187958,667062,520896
632,TAMIL NADU,Coimbatore,3458045,1729297,1728748,2635907,1394790,1241117
633,TAMIL NADU,Tiruppur,2479052,1246159,1232893,1760566,959623,800943
634,PONDICHERRY,Yanam,55626,27301,28325,39274,19919,19355
635,PONDICHERRY,PONDICHERRY,950289,468258,482031,726649,380946,345703
636,PONDICHERRY,Mahe,41816,19143,22673,36470,16610,19860
637,PONDICHERRY,Karaikal,200222,97809,102413,154916,79903,75013
638,ANDAMAN AND NICOBAR ISLANDS,Nicobars,36842,20727,16115,25332,15397,9935
639,ANDAMAN AND NICOBAR ISLANDS,North  AND Middle Andaman,105597,54861,50736,78683,43186,35497
640,ANDAMAN AND NICOBAR ISLANDS,South Andaman,238142,127283,110859,190266,105794,84472
